1.000000000000000000e+02
1.448418657317137592e+00
1.236695903795745677e+00
1.954010292373324020e+00
1.307037429014099805e+00
1.518057118736495070e+00
2.140678171455004275e+00
1.778023471716947412e+00
1.332792218675477702e+00
1.633328147109815331e+00
2.295578382017142705e+00
1.372203808998726515e+00
1.534934166270566669e+00
1.722383890252691341e+00
1.388450197319147206e+00
1.582655527118583594e+00
1.623418371795810167e+00
1.471707061092021096e+00
1.429014729265142503e+00
1.738629239074444666e+00
1.998153694192576824e+00
1.713612044614335472e+00
1.578285654737642041e+00
2.067362595924746582e+00
1.301170793549009108e+00
1.318907615102975273e+00
