1.000000000000000000e+03
8.547311528131188441e-01
9.168905431141088913e-01
1.022170944611684895e+00
9.603084470663585392e-01
8.784491897210806588e-01
9.494338520574004958e-01
8.734827582983937244e-01
1.124030705437503830e+00
9.952802101965266823e-01
7.789655643475452695e-01
9.785548039938212206e-01
9.207135498949733377e-01
8.297148913723095820e-01
9.876991722934633788e-01
9.455071936163315094e-01
9.607060269169291900e-01
9.079587801156963067e-01
8.751358366835474412e-01
8.534676860579025748e-01
9.096634981160244271e-01
1.020270900852517926e+00
8.596173642419114858e-01
9.769376922740171665e-01
8.919868142175702008e-01
8.641600043183084168e-01
