2.000000000000000000e+04
1.011243292224774715e+00
1.110694199121843972e+00
1.099614778820268590e+00
9.632940069313339349e-01
1.058779965156227520e+00
1.055274062658906109e+00
1.031940482416851657e+00
1.072044600507040979e+00
1.094353430629094737e+00
1.045482553168090689e+00
1.071821977002076709e+00
1.119094092071573288e+00
1.001055452916121524e+00
1.103062556199597699e+00
1.162087313795807431e+00
9.934309191767167757e-01
1.010616532363607822e+00
1.184285668502127686e+00
1.185044127907810330e+00
1.061638122647136973e+00
1.075837361040431484e+00
1.089122202956906094e+00
9.696920788085917620e-01
1.050256933152080130e+00
1.068267198996200484e+00
