2.500000000000000000e+05
1.056368262470016361e+00
9.305236981420338394e-01
1.013754314160685732e+00
1.071821977002076709e+00
1.039225228244672117e+00
1.000641828762449226e+00
1.027680804852365570e+00
1.005201153216387588e+00
1.030660615456048701e+00
1.069820750968965228e+00
1.101681873672280210e+00
1.089122202956906094e+00
1.070265097462012482e+00
1.025770021355549177e+00
1.045915602650360432e+00
1.056368262470016361e+00
1.080768733204876764e+00
1.078972470848166720e+00
1.088668721045920496e+00
1.043320240186351500e+00
1.060098038680707289e+00
1.015222033217027864e+00
1.056806296699992487e+00
1.039870649869214070e+00
1.087762428219416710e+00
