4.000000000000000000e+04
1.049169746599390773e+00
1.097094692788155745e+00
1.129231947641413436e+00
1.073604455130997115e+00
1.076284586265703114e+00
1.105830248219173084e+00
1.136852384900060686e+00
9.893334976220318211e-01
1.087988917649632903e+00
1.071376889280213129e+00
1.147197511094286471e+00
1.137809589130439614e+00
1.057025389873313737e+00
1.013125959795891706e+00
1.100762584170507319e+00
1.167025677721287513e+00
9.987826346700189317e-01
1.043752312383998460e+00
1.093669398895098732e+00
1.150349380376008090e+00
1.067159095660315415e+00
8.786335476266413647e-01
1.131844060825679010e+00
1.135657342444552631e+00
1.102832296442400883e+00
