5.000000000000000000e+02
1.087083294486750118e+00
1.078299769301659605e+00
1.137091588288354771e+00
1.030873809352071735e+00
1.129231947641413436e+00
1.193177154100767856e+00
1.152781693884193048e+00
1.376392980601675697e+00
1.042888362674637692e+00
1.085048895194556939e+00
1.200101301905260209e+00
1.155953934009986472e+00
1.144539418728649727e+00
1.099844223975587898e+00
1.152781693884193048e+00
1.111856161663887343e+00
1.229725271620774052e+00
1.150106523153649585e+00
1.143815886514192526e+00
1.150106523153649585e+00
1.046565544888626631e+00
1.160119882997520557e+00
1.149621012098520412e+00
1.149863733745208672e+00
1.091620367434168459e+00
