1.000000000000000000e+05
1.043752312383998460e+00
1.012079590497524384e+00
1.069598656913883339e+00
1.064725869081745824e+00
1.028105933195766708e+00
1.058121617684776972e+00
9.895379741265155626e-01
1.073158515928850143e+00
1.002711665026549737e+00
1.058999516316091016e+00
9.357537291263776646e-01
1.054399611648586976e+00
1.067159095660315415e+00
9.917899524402498113e-01
1.007280495530775477e+00
1.055711590907522091e+00
1.015222033217027864e+00
1.015431885938007150e+00
1.016481821019041609e+00
1.021114909636344326e+00
9.785548039938212206e-01
9.938415790106094327e-01
1.048300889403497083e+00
9.702939341046870059e-01
1.053089444810567432e+00
