1.000000000000000000e+04
9.210965908035643190e-01
9.793643202162748418e-01
9.785548039938212206e-01
1.085500595696654802e+00
1.148408418469771375e+00
1.076060946750144298e+00
9.357537291263776646e-01
9.822026953334700439e-01
1.017322576558827407e+00
9.924050018032363196e-01
1.018374533318838981e+00
1.028531247434238516e+00
1.012707279020096829e+00
1.157177128737497007e+00
1.035575985892869699e+00
9.856599680717893497e-01
9.666880555170823675e-01
1.054181124842494821e+00
1.057025389873313737e+00
9.142223928155396306e-01
1.085500595696654802e+00
9.721016125627850446e-01
1.117922721273091557e+00
1.109301820531104266e+00
9.913801278804291739e-01
