8.000000000000000000e+04
9.571332558651859390e-01
1.008530194027828619e+00
1.040516504962694988e+00
9.694915384178788287e-01
1.038365338894912115e+00
1.096637243426620945e+00
1.017953615436808290e+00
1.025345911171340996e+00
1.042025190686110880e+00
9.462913579615763737e-01
9.971329112327448341e-01
1.004578197486335034e+00
1.018374533318838981e+00
1.019427618234370447e+00
9.380864201578675843e-01
1.019006248659933389e+00
1.034505300780661274e+00
1.067823800319513516e+00
1.047432822863445967e+00
1.023651311556088128e+00
1.090711156377151880e+00
1.013754314160685732e+00
9.682891138824571975e-01
9.801744787417054905e-01
1.043752312383998460e+00
