2.000000000000000000e+05
1.038150486493972346e+00
1.048518029496642745e+00
1.053744302130666721e+00
1.071376889280213129e+00
1.026194316124758865e+00
1.050474519466112255e+00
1.054399611648586976e+00
1.023228120754410719e+00
1.077851572558899296e+00
9.967209042288643905e-01
1.076955828018577366e+00
1.053744302130666721e+00
1.016481821019041609e+00
1.065388850799532383e+00
1.051127577009480563e+00
1.066716221041950075e+00
1.055055374271071988e+00
1.056368262470016361e+00
9.854562730379455848e-01
1.034719342911078810e+00
1.071821977002076709e+00
1.033222041993959506e+00
1.055492801526463076e+00
1.047649765488942508e+00
9.938415790106094327e-01
