5.000000000000000000e+03
1.037506216637821499e+00
1.004993457971710358e+00
1.106754696779860048e+00
9.656886511976606746e-01
1.095723032479691383e+00
1.010407700612867776e+00
1.071376889280213129e+00
1.007488669347293975e+00
1.009572813886137066e+00
1.026618795716163213e+00
1.042888362674637692e+00
1.183780407146020286e+00
9.618996786848640346e-01
1.050474519466112255e+00
9.617006415702830102e-01
1.053307680395593859e+00
1.247538807364406477e+00
1.038365338894912115e+00
9.609048737997463174e-01
1.102832296442400883e+00
9.963090663486869891e-01
9.958973973836293681e-01
8.444822105978356808e-01
1.139247353294692511e+00
1.205008553203861910e+00
