6.000000000000000000e+04
1.052871259369266843e+00
1.042025190686110880e+00
9.981636700308399446e-01
1.043752312383998460e+00
1.064946810977958291e+00
9.996085165814845297e-01
1.003540803369430856e+00
1.028318567063151612e+00
1.089122202956906094e+00
9.860674808790325097e-01
1.027468310316550060e+00
1.099156062092497166e+00
1.074496974632397350e+00
1.043536251933423475e+00
1.055274062658906109e+00
1.047215929523238387e+00
9.948689626091449245e-01
1.127573697619805193e+00
1.057902270416181345e+00
1.003126147995548445e+00
9.901516520307751534e-01
1.028318567063151612e+00
9.840315510515486030e-01
1.084823127941956900e+00
9.872910030121908598e-01
