1.500000000000000000e+05
1.005616673845030062e+00
1.013544818241549184e+00
1.005201153216387588e+00
1.011661352917311518e+00
1.085274717766577135e+00
1.053525966157798477e+00
9.893334976220318211e-01
1.079645661013978630e+00
9.819996918952504927e-01
9.868829981494856574e-01
9.771396914951122614e-01
1.008947110357451882e+00
1.016481821019041609e+00
9.874950670879758530e-01
1.029169567869553603e+00
1.057025389873313737e+00
1.037935682004985427e+00
1.046565544888626631e+00
1.033008330908963046e+00
1.062960201616555134e+00
1.016691942529092119e+00
1.017953615436808290e+00
9.940469717914315328e-01
1.072712790034840769e+00
9.646902104870725969e-01
